1.105277367866951740e-03
1.552130804631234318e-01
-4.529459131677931148e-03
1.744251012376112631e-01
6.238780969196476567e-02
3.907724127919859902e-01
1.555283965148021030e-01
1.477412185520121102e-01
1.328990420421915786e-01
1.127465574306145413e-01
8.920775648497661359e-02
6.401816445221437946e-02
3.855100003080959292e-02
1.378875141024830941e-02
-9.627976243481316601e-03
1.870884722733628935e-02
-4.557715616643798207e-02
3.440375391255197368e-02
-4.919066589614709550e-02
-1.729689880385463369e-02
-2.413496607465679539e-03
2.634422141398044814e-02
3.499871832840733112e-04
7.258195195799789501e-02
-7.904588694747300207e-03
2.205927138239886440e-02
-3.593667687557157431e-02
-1.771178381789592290e-02
3.876412951789948158e-02
3.330741324659380886e-02
8.909841945347352424e-03
1.849211504849212692e-02
1.456149297102149291e-02
2.068488834064150655e-02
5.041320301863804962e-03
9.417246340047515096e-03
1.918396565934754952e-03
-4.225165391880528198e-02
7.086261495509085968e-03
-6.818322357219416298e-03
8.346224729080874843e-03
-1.142229088541919270e-02
-1.671584891177560483e-02
1.541076398788066536e-02
4.378904265392873779e-02
-4.126218673615127119e-02
1.260877651445742494e-02
-2.239552556362867791e-03
-2.270143132899674066e-02
-1.501454638342077704e-04
1.298290963916407838e-02
-4.630618264269802803e-02
-2.819997304819055715e-03
1.206406092795772947e-02
3.641323495597587057e-02
4.547074914886990726e-02
3.069183691423217272e-02
1.822896293002111007e-02
8.126357979049566096e-03
3.076531692958835900e-04
-5.400197274908103903e-03
-2.725953794936714081e-02
-3.915018386565661396e-02
-3.246261554547542894e-02
-8.221326443740912442e-04
-7.334736086422724566e-02
-3.743475989056559844e-02
-4.921832006051599442e-03
-6.248099660467103245e-02
1.185297919159110022e-02
-6.030504656136759928e-02
-4.527622107307424475e-03
-1.844429332951265030e-02
-6.148622418266180834e-02
-3.027070281377940153e-02
1.029971996001582783e-02
3.333699962379776255e-02
7.890178029979625848e-03
9.488722780748706787e-03
2.128686940414847416e-03
4.285006135764307666e-02
3.994073051820568043e-02
4.919786835596050983e-02
4.842687465355832721e-02
1.010322762329145946e-02
1.120582252539273696e-02
1.936980755729901527e-02
-2.690441817542997549e-02
-1.127239487617734230e-02
-1.940151387719920174e-03
1.488891945771497229e-02
5.763699410193390965e-02
3.555476427752810031e-02
-6.175428965639385460e-03
-1.135160310656863807e-03
2.705471720716456571e-02
-2.810051552594087024e-02
-2.476931201390356052e-02
-9.275508078148099120e-03
-1.738441192498560439e-02
2.528578630512563416e-02
3.984448232180303612e-02
3.582035824837382504e-02
1.484562958645737479e-03
-2.962650539595012567e-01
-1.951254491785940348e-01
1.082883957897752686e-01
2.455700915175926258e-04
-4.548983743829977146e-04
-5.108326956929373254e-03
4.701830378962913726e-03
9.154647172034209492e-04
-2.072532068311191533e-03
6.355469648213634554e-03
-4.166227509683621474e-03
2.928568341453086175e-03
4.976787789270033756e-03
4.441608756807253686e-03
1.715315886584411380e-03
-7.917599637535955442e-04
-1.764817075734801365e-03
4.674842239400065110e-03
6.588343994717133292e-03
2.406715553657803441e-03
2.575520010453064609e-03
2.661072944806534661e-03
1.278573095229443984e-03
-1.273254884190858256e-03
2.801725469663419836e-03
1.865142977437121014e-03
-4.172286859966867125e-04
-1.250353043935884282e-03
-5.367904091849867720e-03
5.272483293839448984e-03
4.928775506890139928e-03
1.864746872323463380e-04
5.184813103614679258e-03
6.507867056481307991e-03
-7.215539707904155414e-03
5.698602345311963390e-05
6.658231274210524644e-03
-2.982969642159078762e-03
2.303620881066936678e-04
7.372675294997128696e-03
-1.065147965834916180e-02
7.209047304426880950e-03
-1.914975420137883435e-03
-1.308954488744926668e-03
4.061731547739253542e-04
8.971166211804219815e-04
-3.181160780875023214e-03
3.879884149634086482e-03
1.767627364924491797e-03
5.178012278226744314e-02
-2.144496577456639699e-02
-4.886999816765089100e-02
-5.035833290009791852e-02
-3.959929522120381878e-02
-2.399721217464380676e-02
-7.253268426296667452e-03
8.874308158284849660e-03
1.096170377471866221e-02
-2.461312105181414581e-03
-3.883650505227539702e-03
6.101354858446950483e-03
-1.358674043431574822e-02
1.391277557102117354e-02
1.827543716622130263e-02
1.732471120261116842e-04
-2.578914321964081557e-03
2.581337665509289992e-03
8.905672742159979199e-03
-1.932075698881094384e-03
8.337511120153840577e-03
-6.101318151467731259e-03
1.631416823635375990e-02
-3.541133934215936075e-03
6.922239407329643275e-03
6.573580009086178733e-03
5.114600240416349551e-03
-7.699692823559292111e-03
3.926255927015231961e-03
-2.717404499920097159e-03
-7.139454984160951458e-03
7.527641718415161408e-03
-9.716257345622316202e-03
-1.252351381160581208e-02
1.845765729712450700e-03
3.087152597017787763e-03
-1.495367681921537170e-02
2.187518369080408871e-03
5.228763589452770436e-03
1.251750475922034679e-02
-5.778927238396435948e-03
5.647794913165966706e-03
9.283101750798833027e-03
4.463188061725686072e-03
-8.151473735771566295e-03
7.360894080111530027e-03
8.889704946107017825e-04
-9.476741058217311511e-03
3.881273449293006200e-03
-4.194480113153675228e-03
-3.858358153840296938e-03
-3.521102547272955165e-03
-3.182722661212913657e-03
-2.843227936959594367e-03
-2.502627888622975440e-03
-2.160932102386497241e-03
-1.818150235749975462e-03
-1.474292016808340187e-03
-1.129367243454043861e-03
-7.833857826453231648e-04
-4.363575696049492095e-04
-8.829260703730952597e-05
2.607990356525436153e-04
6.109072231730724133e-04
9.620217551427999317e-04
1.314132366915331208e-03
1.667228730403828981e-03
2.021300454904249432e-03
2.376337087938402287e-03
2.732328116099410481e-03
3.089262965902004818e-03
3.447131004639676210e-03
3.805921541256426701e-03
4.165623827212283289e-03
4.526227057367328624e-03
4.887720370856022019e-03
5.250092851989753527e-03
5.613333531145689795e-03
5.977431385670577135e-03
6.342375340789974288e-03
6.708154270519546894e-03
7.074756998582897548e-03
7.442172299335530691e-03
7.810388898696310651e-03
8.179395475072664262e-03
8.549180660310098240e-03
8.919733040624142073e-03
9.291041157552011251e-03
9.663093508903229656e-03
1.003587854971255307e-02
1.040938469320201384e-02
1.078360031174096026e-02
1.115851373781155849e-02
1.153411326498084144e-02
1.191038714887134552e-02
1.228732360813663237e-02
1.266491082544176326e-02
1.304313694844356879e-02
